0
0
0.001
0.002
0.002
0.002
0.001
0.003
0.002
0.003
0.004
0.005
0.005
0.005
0.005
0.029
0.006
0.007
0.019
0.006
0.007
0.006
0.009
0.008
0.007
0.008
0.007
0.007
0.008
0.008
0.009
0.01
0.009
0.01
0.01
0.011
0.012
0.011
0.011
0.016
0.015
0.037
0.018
0.016
0.012
0.013
0.016
0.014
0.019
0.014
0.014
0.015
0.016
0.07
0.017
0.015
0.017
0.015
0.015
0.016
0.026
0.021
0.019
0.018
0.02
0.021
0.018
0.019
0.019
0.049
0.031
0.02
0.021
0.02
0.021
0.022
0.022
0.022
0.023
0.06
0.024
0.024
0.024
0.023
0.024
0.024
0.024
0.026
0.025
0.04
0.031
0.029
0.03
0.025
0.026
0.026
0.028
0.042
0.031
0.031
