0.0799
0.1449
0.2512
0.2974
0.3653
0.4485
0.5987
0.6723
0.7389
0.7583
0.8783
0.9118
0.9874
1.0264
1.0872
1.1795
1.2416
1.3272
1.413
1.6659
1.6245
2.0426
2.7444
2.0529
1.8962
2.0289
2.0597
2.0544
2.2376
2.1875
2.2694
2.36
2.8858
2.5013
2.564
2.6483
3.0663
2.9884
3.0295
2.8986
2.9025
3.1072
3.1389
3.3477
3.2029
3.4285
3.3076
4.0873
3.4731
3.6901
3.7266
3.9191
4.0312
4.0015
3.985
4.1215
4.204
3.981
4.0399
4.1337
4.4863
4.4226
4.9228
4.6899
4.5209
6.0445
5.4845
4.7962
5.568
5.0087
5.0374
8.3689
7.4861
6.6549
5.562
5.5513
5.4666
5.6257
5.6897
6.1566
6.2338
6.7515
5.9849
6.2364
6.175
6.4742
7.5725
6.3137
6.3089
6.4113
6.8914
6.6404
6.734
6.9047
6.8282
7.1098
7.1111
7.4481
7.626
7.2279
