0
0
0.001
0.001
0.002
0.002
0.002
0.003
0.002
0.003
0.002
0.003
0.002
0.003
0.003
0.004
0.003
0.004
0.005
0.005
0.004
0.005
0.005
0.005
0.005
0.006
0.009
0.006
0.009
0.008
0.006
0.006
0.007
0.007
0.009
0.007
0.008
0.008
0.015
0.026
0.018
0.017
0.014
0.014
0.016
0.019
0.02
0.019
0.016
0.016
0.018
0.013
0.013
0.012
0.014
0.012
0.012
0.016
0.012
0.012
0.012
0.035
0.026
0.016
0.013
0.016
0.017
0.013
0.013
0.014
0.014
0.016
0.015
0.014
0.015
0.058
0.016
0.02
0.021
0.023
0.021
0.02
0.019
0.019
0.023
0.021
0.019
0.047
0.035
0.025
0.022
0.025
0.02
0.022
0.019
0.019
0.019
0.019
0.04
0.033
