0.1022
0.144
0.2247
0.4015
0.5655
0.4912
0.7628
0.6156
0.6762
0.7764
0.8388
1.0475
1.4616
1.1116
1.1757
1.2557
1.2937
1.6694
1.7825
1.5178
1.6318
1.6883
1.8075
1.7918
1.8591
2.4305
2.0362
2.0539
2.9792
2.2949
2.368
3.1968
2.4768
2.5132
2.666
2.6352
2.797
2.9657
2.7942
2.9374
2.9284
3.0271
4.1456
3.2729
3.3967
3.3501
3.791
3.4509
3.4626
3.5461
4.1505
3.9038
3.8671
3.9186
4.0347
4.0486
4.3571
5.8499
6.4323
4.3067
4.4019
4.4766
4.2478
4.3223
6.2418
4.4397
4.7884
6.3602
5.0067
5.3503
5.1213
5.0811
4.9435
5.0555
5.3385
5.1546
5.905
5.564
5.7867
5.7796
5.7649
7.5443
6.0336
6.8432
6.3115
6.339
6.8951
6.4368
6.8285
6.6711
6.9417
6.8222
6.893
7.2247
7.0723
7.2804
9.0284
12.014
8.0427
7.3602
